2928
2928
2927
2926
2926
2924
2923
2923
2923
2922
2921
2921
2920
2919
2917
2917
2916
2916
2915
2914
2914
2913
2912
2912
2910
2910
2910
2908
2908
2907
2906
2905
2905
2904
2903
2902
2901
2901
2900
2899
2898
2898
2897
2896
2896
2895
2894
2893
2893
2892
2891
2891
2890
2889
2889
2888
2887
2886
2885
2885
2884
2884
2883
2883
2881
2881
2880
2879
2878
2878
2877
2876
2876
2875
2875
2874
2873
2873
2871
2871
2870
2869
2869
2869
2867
2866
2866
2866
2865
2864
2863
2863
2861
2862
2860
2859
2859
2858
2857
2857
2856
2856
2856
2854
2854
2852
2852
2851
2850
2850
2849
2848
2848
2847
2846
2846
2845
2845
2845
2844
2842
2842
2841
2840
2840
2839
2839
2837
2836
2836
2836
2834
2834
2834
2832
2832
2831
2831
2830
2830
2829
2828
2828
2826
2827
2826
2825
2825
2823
2823
2822
2822
2821
2820
2819
2818
2819
2818
2817
2816
2815
2814
2814
2813
2813
2812
2812
2811
2811
2810
2809
2808
2807
2807
2807
2806
2805
2804
2804
2803
2802
2802
2801
2801
2801
2799
2799
2799
2798
2798
2796
2795
2794
2794
2793
2793
2792
2791
2790
2791
2789
2789
2788
2787
2787
2787
2786
2785
2784
2783
2783
2782
2781
2782
2780
2780
2778
2779
2779
2777
2777
2776
2776
2775
2774
2774
2773
2772
2772
2772
2770
2771
2769
2769
2768
2768
2766
2767
2766
2764
2764
2764
2763
2763
2762
2761
2761
2760
2760
2759
2758
2758
2758
2756
2755
2755
2755
2754
2753
2753
2753
2751
2751
2750
2749
2749
2748
2748
2748
2746
2746
2746
2745
2745
2744
2744
2744
2742
2741
2741
2741
2739
2739
2738
2737
2738
2737
2736
2735
2735
2734
2734
2734
2731
2732
2731
2731
2730
2730
2730
2728
2727
2727
2728
2727
2726
2725
2725
2724
2723
2723
2721
2721
2721
2721
2721
2720
2719
2719
2718
2717
2716
2716
2715
2716
2714
2714
2713
2713
2712
2712
2711
2711
2710
2709
2708
2709
2707
2706
2706
2705
2706
2705
2704
2703
2704
2701
2701
2701
2700
2699
2699
2699
2699
2699
2697
2697
2696
2695
2696
2695
2694
2693
2693
2692
2692
2691
2692
2690
2691
2689
2689
2688
2688
2687
2687
2685
2686
2684
2684
2684
2683
2682
2682
2681
2680
2681
2680
2680
2680
2678
2677
2677
2677
2677
2675
2675
2675
2673
2673
2674
2672
2673
2671
2671
2671
2671
2669
2669
2668
2668
2667
2666
2666
2665
2665
2665
2664
2663
2663
2663
2661
2661
2660
2660
2660
2659
2659
2658
2658
2657
2656
2656
2655
2655
2655
2654
2653
2653
2654
2653
2652
2651
2651
2650
2649
2648
2648
2649
2647
2647
2646
2646
2646
2645
2645
2643
2643
2643
2642
2641
2641
2641
2641
2640
2638
2638
2638
2637
2637
2637
2636
2636
2635
2635
2634
2634
2633
2633
2632
2631
2632
2631
2630
2630
2629
2628
2628
2627
2628
2626
2627
2625
2625
2624
2625
2624
2623
2623
2623
2622
2620
2622
2620
2620
2619
2619
2619
2618
2618
2617
2616
2616
2615
2615
2615
2613
2612
2613
2613
2612
2612
2611
2611
2610
2610
2609
2609
2608
2608
2607
2606
2606
2606
2606
2604
2604
2604
2603
2602
2603
2602
2601
2601
2600
2599
2599
2599
2599
2598
2597
2597
2597
2596
2596
2596
2594
2594
2594
2594
2593
2592
2592
2592
2590
2591
2591
2588
2590
2588
2588
2588
2588
2586
2586
2586
2585
2585
2584
2584
2584
2583
2583
2581
2582
2581
2581
2581
2580
2579
2578
2579
2578
2577
2577
2576
2577
2576
2576
2575
2575
2574
2574
2573
2573
2572
2572
2572
2571
2570
2570
2570
2569
2568
2569
2567
2568
2567
2566
2566
2565
2566
2564
2564
2564
2563
2563
2563
2562
2562
2561
2561
2560
2560
2560
2559
2559
2558
2558
2558
2556
2557
2556
2555
2555
2555
2555
2554
2553
2552
2553
2553
2552
2552
2551
2550
2550
2549
2549
2549
2548
2547
2548
2546
2547
2546
2545
2545
2545
2545
2543
2544
2543
2543
2543
2542
2542
2541
2542
2540
2540
2539
2538
2539
2538
2538
2537
2537
2536
2537
2536
2535
2534
2535
2533
2533
2534
2533
2533
2532
2531
2531
2530
2531
2529
2530
2530
2529
2528
2528
2528
2527
2526
2527
2525
2525
2525
2525
2525
2524
2524
2523
2522
2522
2522
2521
2521
2521
2521
2520
2519
2519
2519
2518
2518
2517
2517
2516
2517
2516
2516
2515
2514
2514
2514
2514
2513
2513
2513
2511
2512
2511
2511
2511
2510
2510
2509
2508
2509
2508
2508
2507
2506
2506
2506
2505
2506
2506
2504
2504
2504
2503
2504
2503
2502
2502
2502
2501
2500
2500
2500
2499
2499
2499
2497
2498
2497
2497
2497
2497
2495
2495
2496
2495
2494
2494
2494
2494
2493
2492
2492
2492
2491
2492
2491
2490
2490
2490
2489
2489
2488
2488
2488
2486
2487
2486
2486
2485
2485
2485
2485
2484
2484
2483
2483
2483
2483
2482
2483
2481
2481
2480
2480
2481
2480
2479
2479
2478
2478
2478
2477
2477
2476
2477
2476
2476
2476
2475
2474
2474
2473
2473
2473
2473
2473
2473
2472
2471
2470
2471
2471
2470
2469
2468
2468
2468
2468
2468
2467
2466
2467
2466
2466
2466
2465
2465
2465
2464
2463
2464
2463
2463
2462
2462
2461
2461
2462
2460
2459
2459
2460
2459
2458
2458
2459
2457
2457
2457
2456
2457
2456
2456
2456
2454
2455
2454
2454
2454
2453
2453
2453
2452
2451
2452
2450
2451
2450
2450
2450
2450
2449
2448
2448
2448
2448
2447
2447
2446
2446
2447
2446
2445
2445
2444
2444
2444
2444
2444
2443
2443
2442
2441
2441
2440
2441
2440
2440
2440
2439
2440
2439
2438
2439
2438
2437
2437
2437
2438
2437
2436
2436
2436
2436
2436
2435
2434
2433
2433
2433
2433
2432
2433
2431
2432
2432
2432
2431
2430
2430
2430
2429
2429
2429
2429
2428
2429
2428
2427
2426
2426
2427
2427
2426
2425
2425
2425
2424
2424
2423
2423
2423
2423
2422
2422
2421
2422
2421
2421
2420
2421
2420
2419
2419
2419
2419
2418
2418
2418
2418
2416
2417
2417
2416
2416
2416
2416
2415
2415
2414
2414
2414
2414
2412
2413
2413
2412
2412
2411
2411
2411
2410
2410
2410
2410
2410
2409
2409
2408
2408
2408
2407
2407
2407
2406
2406
2405
2406
2405
2405
2405
2404
2404
2403
2404
2404
2404
2403
2402
2402
2401
2401
2401
2401
2400
2400
2399
2400
2399
2399
2399
2399
2398
2398
2398
2397
2397
2396
2396
2396
2397
2396
2396
2396
2395
2395
2394
2393
2393
2393
2393
2392
2392
2391
2392
2392
2392
2391
2391
2390
2391
2391
2390
2389
2388
2389
2388
2387
2387
2388
2387
2387
2386
2386
2386
2386
2386
2385
2385
2384
2384
2384
2383
2383
2383
2383
2382
2382
2381
2382
2381
2381
2381
2380
2381
2380
2380
2379
2379
2379
2378
2379
2377
2378
2378
2378
2377
2376
2376
2376
2377
2376
2375
2375
2375
2375
2373
2374
2373
2373
2372
2373
2373
2371
2372
2372
2371
2371
2371
2371
2369
2370
2369
2369
2369
2369
2368
2368
2368
2368
2367
2368
2367
2367
2367
2366
2366
2366
2365
2365
2365
2365
2364
2365
2364
2363
2362
2363
2362
2362
2362
2361
2361
2362
2361
2361
2360
2360
2359
2360
2360
2360
2359
2359
2358
2358
2358
2358
2358
2357
2357
2356
2357
2356
2356
2356
2356
2355
2355
2355
2355
2354
2354
2353
2354
2353
2352
2354
2352
2351
2351
2351
2351
2351
2351
2351
2351
2350
2349
2350
2349
2349
2349
2349
2349
2347
2347
2347
2347
2347
2347
2346
2346
2345
2345
2346
2345
2345
2346
2345
2345
2344
2344
2344
2343
2344
2343
2342
2343
2342
2342
2341
2341
2342
2341
2341
2340
2340
2340
2340
2340
2339
2339
2338
2338
2337
2339
2338
2337
2337
2337
2336
2336
2336
2336
2336
2336
2335
2335
2335
2335
2335
2335
2333
2333
2333
2333
2333
2333
2334
2333
2332
2332
2331
2331
2331
2331
2330
2331
2330
2330
2330
2329
2329
2328
2329
2328
2328
2328
2328
2327
2327
2327
2327
2327
2327
2326
2325
2326
2326
2325
2325
2323
2324
2324
2323
2323
2323
2323
2323
2323
2322
2322
2322
2322
2322
2322
2321
2321
2321
2321
2321
2320
2320
2320
2319
2319
2319
2319
2319
2318
2318
2318
2318
2317
2317
2317
2317
2317
2317
2315
2315
2315
2315
2315
2315
2315
2315
2315
2313
2314
2313
2313
2313
2313
2312
2312
2312
2313
2312
2311
2311
2311
2310
2310
2311
2310
2309
2310
2310
2310
2309
2308
2309
2308
2308
2308
2308
2307
2307
2308
2307
2306
2307
2306
2306
2305
2305
2304
2305
2305
2305
2304
2304
2304
2304
2302
2304
2304
2303
2302
2303
2302
2301
2302
2302
2302
2301
2301
2300
2301
2300
2300
2299
2299
2299
2300
2299
2299
2298
2298
2298
2298
2298
2298
2298
2297
2297
2297
2296
2296
2296
2296
2296
2295
2295
2295
2295
2295
2294
2295
2294
2294
2294
2293
2293
2294
2294
2292
2293
2292
2292
2291
2293
2291
2291
2290
2291
2291
2290
2290
2290
2290
2289
2289
2289
2289
2288
2288
2288
2287
2289
2288
2288
2287
2286
2287
2287
2287
2286
2287
2286
2286
2286
2285
2286
2285
2284
2284
2284
2284
2284
2283
2283
2284
2283
2283
2283
2284
2282
2281
2282
2282
2282
2282
2281
2281
2281
2281
2280
2280
2280
2280
2280
2280
2279
2280
2279
2279
2279
2278
2279
2278
2277
2277
2278
2277
2278
2277
2276
2277
2276
2276
2276
2276
2275
2275
2276
2275
2276
2274
2275
2274
2274
2274
2274
2273
2272
2274
2273
2273
2272
2273
2272
2272
2272
2271
2271
2270
2271
2271
2270
2271
2270
2270
2269
2270
2270
2270
2269
2269
2269
2268
2268
2268
2269
2268
2268
2266
2267
2267
2267
2267
2266
2266
2267
2266
2267
2265
2265
2265
2265
2265
2264
2265
2264
2264
2264
2264
2264
2263
2264
2263
2263
2262
2263
2263
2262
2262
2261
2261
2261
2261
2261
2261
2261
2261
2261
2260
2260
2260
2259
2259
2260
2260
2259
2259
2259
2258
2259
2258
2258
2258
2258
2257
2257
2257
2257
2257
2256
2256
2256
2256
2257
2256
2255
2255
2255
2256
2255
2255
2255
2255
2255
2254
2254
2254
2254
2254
2254
2253
2253
2252
2252
2252
2251
2252
2252
2251
2252
2252
2252
2251
2250
2250
2250
2250
2250
2249
2250
2249
2250
2249
2249
2249
2248
2248
2249
2248
2247
2249
2247
2247
2247
2247
2246
2247
2247
2246
2245
2247
2245
2246
2245
2246
2246
2245
2245
2244
2244
2244
2243
2243
2245
2244
2243
2243
2243
2243
2242
2242
2242
2243
2243
2243
2242
2242
2242
2241
2241
2240
2240
2240
2240
2240
2241
2239
2240
2240
2239
2239
2239
2239
2238
2239
2239
2238
2239
2238
2238
2238
2237
2237
2237
2237
2237
2237
2236
2237
2236
2236
2237
2236
2236
2236
2236
2235
2236
2236
2235
2235
2235
2234
2234
2234
2234
2234
2234
2234
2233
2233
2233
2233
2233
2232
2233
2232
2232
2232
2232
2232
2232
2232
2231
2231
2232
2231
2231
2231
2231
2231
2230
2231
2230
2229
2230
2230
2229
2229
2229
2229
2229
2230
2229
2228
2229
2229
2229
2228
2228
2227
2228
2228
2226
2226
2226
2227
2227
2226
2226
2226
2226
2226
2226
2226
2225
2224
2225
2225
2224
2224
2224
2224
2224
2224
2224
2224
2224
2223
2223
2223
2223
2222
2223
2222
2223
2222
2221
2222
2222
2222
2222
2221
2221
2221
2221
2221
2220
2220
2220
2220
2220
2220
2220
2220
2220
2220
2219
2219
2219
2219
2219
2219
2218
2218
2219
2218
2219
2218
2218
2217
2217
2218
2217
2217
2218
2217
2217
2217
2216
2216
2216
2216
2215
2216
2215
2215
2215
2215
2215
2215
2214
2214
2214
2214
2214
2214
2213
2213
2213
2213
2213
2213
2213
2212
2213
2212
2212
2213
2212
2212
2211
2211
2211
2211
2211
2211
2211
2210
2210
2211
2210
2210
2210
2210
2209
2210
2210
2209
2209
2208
2208
2209
2210
2209
2209
2209
2208
2209
2208
2208
2208
2207
2208
2208
2207
2207
2207
2206
2207
2207
2207
2206
2206
2206
2205
2206
2205
2206
2206
2205
2205
2205
2205
2205
2205
2204
2205
2204
2204
2203
2205
2204
2204
2203
2204
2203
2204
2203
2203
2202
2202
2203
2202
2202
2202
2202
2202
2201
2202
2201
2202
2201
2200
2201
2200
2200
2201
2200
2200
2200
2200
2200
2199
2200
2198
2200
2199
2199
2199
2199
2199
2199
2198
2198
2198
2198
2198
2198
2198
2198
2198
2197
2197
2197
2197
2197
2197
2197
2196
2197
2197
2197
2196
2197
2195
2196
2196
2196
2196
2195
2195
2195
2195
2195
2195
2195
2194
2195
2195
2195
2194
2194
2194
2193
2193
2193
2193
2193
2193
2193
2192
2193
2193
2192
2193
2193
2193
2192
2191
2192
2192
2192
2192
2191
2191
2191
2191
2191
2190
2190
2190
2191
2190
2190
2190
2189
2190
2190
2190
2189
2190
2190
2189
2189
2190
2189
2189
2189
2188
2189
2188
2188
2188
2188
2188
2187
2188
2188
2186
2187
2188
2187
2186
2187
2185
2187
2186
2186
2186
2186
2186
2185
2186
2185
2185
2185
2185
2185
2185
2184
2186
2184
2185
2184
2184
2185
2184
2184
2184
2184
2185
2183
2183
2183
2183
2182
2183
2183
2183
2183
2183
2182
2182
2183
2182
2181
2181
2182
2182
2181
2181
2181
2182
2181
2181
2181
2181
2181
2180
2180
2179
2179
2180
2180
2179
2180
2180
2179
2180
2180
2178
2179
2179
2179
2179
2178
2178
2178
2179
2178
2177
2178
2178
2178
2177
2177
2178
2177
2178
2177
2177
2178
2177
2176
2177
2176
2176
2178
2176
2176
2176
2176
2176
2176
2175
2176
2176
2175
2175
2176
2176
2175
2175
2175
2175
2174
2175
2174
2174
2175
2174
2173
2174
2173
2174
2174
2174
2174
2173
2172
2173
2173
2173
2173
2172
2172
2172
2172
2172
2172
2172
2171
2171
2172
2171
2171
2171
2171
2171
2170
2170
2171
2171
2171
2170
2170
2170
2170
2171
2170
2170
2170
2170
2169
2170
2170
2169
2169
2169
2169
2169
2169
2169
2169
2168
2168
2167
2168
2168
2168
2168
2167
2168
2169
2167
2167
2167
2168
2168
2167
2167
2167
2167
2167
2167
2166
2166
2167
2166
2166
2166
2167
2166
2166
2166
2166
2166
2165
2165
2166
2165
2165
2166
2165
2164
2164
2164
2165
2164
2164
2165
2164
2164
2163
2164
2164
2163
2164
2164
2162
2163
2163
2163
2163
2163
2163
2163
2163
2163
2162
2162
2162
2162
2162
2162
2161
2162
2161
2161
2161
2162
2161
2161
2161
2161
2161
2161
2160
2161
2161
2161
2160
2161
2161
2161
2161
2160
2161
2160
2160
2159
2159
2159
2159
2159
2159
2158
2159
2159
2159
2159
2158
2159
2158
2159
2158
2158
2158
2157
2157
2157
2157
2157
2157
2157
2157
2157
2157
2156
2157
2156
2156
2156
2157
2156
2157
2157
2156
2156
2156
2156
2155
2156
2155
2155
2156
2155
2155
2155
2155
2155
2154
2155
2154
2154
2154
2154
2155
2154
2154
2154
2155
2154
2154
2154
2154
2153
2153
2152
2153
2154
2154
2154
2153
2153
2154
2153
2152
2153
2152
2153
2152
2153
2153
2152
2152
2152
2152
2152
2152
2152
2152
2151
2151
2151
2151
2152
2151
2151
2151
2151
2151
2151
2151
2150
2150
2150
2150
2150
2150
2150
2149
2150
2150
2150
2150
2150
2150
2149
2149
2149
2149
2149
2149
2148
2149
2150
2149
2148
2148
2148
2149
2148
2148
2148
2148
2147
2148
2148
2147
2147
2147
2146
2148
2148
2147
2147
2147
2147
2147
2147
2146
2146
2147
2145
2147
2147
2146
2146
2146
2146
2146
2146
2146
2146
2145
2146
2146
2145
2145
2146
2145
2145
2145
2145
2145
2145
2145
2145
2145
2145
2144
2144
2144
2143
2144
2144
2145
2144
2144
2144
2143
2144
2143
2143
2143
2143
2143
2143
2143
2143
2142
2143
2142
2144
2142
2142
2142
2142
2142
2142
2142
2142
2142
2142
2142
2142
2141
2141
2141
2141
2141
2141
2142
2141
2141
2141
2141
2141
2141
2141
2141
2140
2141
2140
2141
2141
2140
2139
2140
2140
2139
2139
2139
2140
2139
2139
2140
2140
2139
2139
2139
2139
2139
2139
2138
2138
2139
2139
2139
2138
2137
2138
2137
2138
2138
2138
2138
2138
2137
2138
2138
2137
2138
2137
2138
2138
2138
2138
2137
2137
2136
2137
2137
2137
2137
2136
2136
2136
2136
2136
2137
2136
2137
2136
2136
2136
2135
2136
2136
2136
2136
2136
2135
2136
2135
2136
2135
2136
2136
2135
2135
2135
2135
2135
2135
2135
2135
2134
2134
2135
2135
2134
2134
2134
2134
2135
2133
2134
2134
2133
2133
2133
2133
2133
2133
2133
2134
2134
2133
2133
2133
2133
2133
2133
2133
2132
2132
2133
2132
2132
2133
2132
2132
2132
2132
2132
2132
2131
2132
2132
2131
2131
2131
2131
2132
2131
2131
2131
2131
2131
2130
2131
2130
2130
2131
2130
2130
2130
2130
2130
2130
2130
2130
2130
2130
2130
2129
2130
2130
2129
2130
2129
2129
2130
2129
2129
2129
2130
2129
2128
2129
2128
2128
2128
2128
2129
2129
2129
2129
2129
2128
2128
2128
2127
2129
2128
2128
2128
2128
2128
2128
2128
2128
2128
2127
2128
2127
2127
2128
2126
2127
2127
2127
2127
2127
2127
2126
2127
2127
2127
2126
2126
2126
2125
2126
2126
2126
2125
2126
2126
2125
2125
2126
2125
2125
2125
2125
2126
2124
2125
2125
2124
2125
2124
2124
2125
2125
2124
2124
2124
2124
2125
2125
2124
2124
2124
2123
2124
2123
2123
2123
2124
2123
2123
2124
2123
2123
2123
2123
2124
2123
2123
2123
2122
2124
2123
2123
2123
2123
2123
2123
2123
2122
2122
2122
2122
2122
2123
2122
2122
2122
2122
2122
2122
2122
2122
2122
2122
2122
2121
2121
2121
2121
2122
2121
2121
2121
2121
2121
2121
2121
2121
2121
2120
2121
2121
2121
2121
2121
2120
2121
2121
2120
2120
2120
2120
2121
2119
2119
2120
2120
2120
2121
2119
2120
2119
2120
2119
2119
2119
2119
2119
2119
2119
2119
2120
2119
2119
2119
2120
2118
2119
2118
2119
2118
2118
2119
2119
2119
2119
2119
2118
2118
2118
2118
2118
2118
2118
2118
2117
2118
2118
2117
2118
2118
2118
2117
2117
2117
2116
2117
2116
2116
2117
2117
2117
2117
2117
2118
2116
2117
2116
2117
2116
2116
2116
2117
2116
2117
2116
2116
2116
2116
2116
2117
2116
2115
2115
2116
2116
2115
2116
2115
2115
2116
2116
2115
2115
2115
2115
2115
2115
2115
2115
2114
2115
2115
2114
2114
2114
2115
2114
2115
2114
2115
2114
2114
2114
2114
2114
2114
2114
2114
2114
2115
2114
2114
2114
2114
2114
2114
2114
2113
2114
2113
2114
2113
2113
2114
2113
2113
2113
2113
2113
2113
2112
2112
2112
2112
2112
2112
2113
2112
2112
2112
2112
2112
2113
2111
2112
2111
2112
2112
2112
2112
2112
2112
2112
2112
2111
2112
2111
2111
2111
2111
2111
2112
2111
2111
2111
2111
2111
2112
2110
2111
2111
2112
2110
2111
2110
2110
2110
2110
2111
2110
2110
2110
2111
2110
2110
2110
2110
2110
2110
2110
2110
2110
2109
2109
2110
2109
2110
2110
2109
2110
2109
2109
2110
2109
2110
2109
2109
2109
2110
2109
2109
2109
2109
2109
2109
2109
2108
2108
2109
2109
2108
2108
2108
2109
2108
2108
2108
2107
2108
2108
2108
2108
2108
2108
2107
2108
2108
2108
2107
2108
2107
2108
2107
2107
2107
2107
2107
2107
2107
2108
2107
2107
2108
2107
2107
2107
2107
2107
2107
2107
2106
2107
2107
2106
2107
2107
2106
2107
2106
2107
2107
2107
2106
2106
2107
2106
2107
2106
2106
2107
2106
2106
2105
2106
2106
2106
2105
2106
2106
2105
2106
2106
2106
2106
2105
2105
2105
2105
2106
2105
2105
2105
2105
2105
2105
2105
2106
2105
2104
2105
2104
2104
2105
2105
2105
2105
2104
2104
2104
2103
2104
2104
2104
2104
2104
2104
2104
2103
2104
2104
2103
2105
2104
2104
2103
2104
2103
2103
2103
2104
2104
2103
2104
2103
2104
2103
2103
2103
2103
2103
2104
2103
2104
2103
2103
2103
2103
2102
2103
2103
2103
2102
2102
2102
2103
2102
2102
2101
2102
2102
2102
2102
2102
2102
2102
2102
2102
2101
2102
2102
2102
2101
2101
2101
2102
2102
2101
2101
2101
2101
2101
2100
2101
2101
2101
2101
2101
2101
2100
2101
2102
2101
2101
2101
2101
2101
2100
2101
2101
2100
2100
2100
2101
2100
2100
2100
2100
2100
2100
2100
2100
2100
2100
2100
2100
2100
2099
2101
2100
2100
2099
2099
2100
2099
2100
2100
2099
2100
2099
2099
2100
2099
2099
2100
2099
2099
2099
2098
2100
2099
2099
2098
2100
2099
2098
2099
2099
2098
2098
2099
2099
2099
2099
2099
2099
2098
2098
2098
2098
2098
2098
2098
2098
2098
2097
2098
2097
2098
2098
2098
2097
2097
2098
2098
2098
2098
2097
2098
2097
2098
2097
2097
2098
2098
2097
2097
2097
2097
2097
2096
2097
2097
2097
2097
2098
2097
2097
2096
2096
2096
2096
2097
2096
2096
2097
2097
2096
2097
2097
2097
2097
2096
2097
2097
2097
2096
2096
2095
2096
2096
2096
2095
2096
2096
2096
2096
2096
2095
2096
2096
2096
2096
2096
2096
2095
2095
2096
2096
2095
2095
2095
2096
2095
2095
2096
2094
2095
2095
2094
2095
2095
2095
2095
2095
2095
2094
2094
2095
2094
2094
2094
2094
2094
2094
2094
2094
2094
2094
2094
2094
2094
2094
2094
2094
2094
2094
2094
2094
2094
2094
2094
2094
2093
2093
2093
2094
2093
2094
2094
2093
2093
2093
2094
2093
2094
2094
2094
2093
2093
2093
2093
2093
2093
2093
2093
2092
2093
2093
2093
2093
2093
2093
2093
2093
2093
2093
2093
2092
2093
2093
2093
2093
2093
2092
2092
2092
2092
2093
2092
2092
2092
2092
2092
2091
2092
2092
2093
2092
2092
2091
2092
2091
2092
2091
2092
2091
2092
2092
2092
2092
2091
2092
2091
2092
2092
2091
2092
2091
2091
2091
2091
2091
2091
2090
2091
2091
2091
2090
2091
2090
2091
2091
2091
2091
2091
2090
2090
2091
2091
2091
2090
2090
2091
2091
2091
2090
2089
2090
2090
2090
2090
2090
2090
2091
2090
2090
2091
2090
2090
2090
2090
2090
2090
2090
2089
2089
2090
2090
2090
2090
2090
2089
2090
2090
2090
2089
2089
2090
2090
2089
2089
2090
2090
2090
2089
2089
2090
2089
2090
2090
2089
2089
2089
2089
2089
2088
2089
2089
2089
2089
2090
2089
2089
2088
2088
2088
2088
2089
2089
2089
2089
2089
2088
2088
2088
2088
2088
2088
2088
2088
2088
2088
2089
2088
2088
2088
2088
2088
2088
2088
2088
2088
2088
2088
2088
2088
2088
2088
2088
2088
2088
2088
2087
2087
2087
2088
2087
2087
2088
2088
2088
2087
2088
2087
2088
2087
2087
2088
2087
2087
2087
2088
2087
2088
2087
2087
2087
2087
2087
2087
2087
2087
2088
2086
2087
2086
2087
2087
2087
2087
2086
2087
2087
2086
2086
2087
2086
2086
2086
2086
2086
2086
2087
2086
2086
2087
2086
2086
2086
2086
2086
2087
2086
2087
2086
2087
2086
2087
2086
2085
2086
2086
2085
2085
2086
2086
2085
2085
2085
2086
2086
2085
2085
2085
2085
2085
2085
2085
2085
2085
2085
2085
2085
2086
2085
2086
2085
2084
2085
2086
2084
2085
2086
2086
2085
2084
2084
2085
2085
2085
2085
2084
2085
2084
2085
2085
2085
2084
2084
2084
2084
2084
2084
2085
2085
2085
2084
2085
2085
2085
2084
2085
2084
2084
2084
2084
2083
2084
2083
2084
2083
2084
2084
2084
2083
2084
2083
2083
2084
2084
2083
2084
2084
2084
2084
2083
2084
2083
2084
2084
2083
2083
2083
2083
2083
2083
2083
2083
2084
2083
2083
2084
2082
2083
2083
2083
2082
2083
2083
2083
2083
2083
2083
2083
2082
2083
2082
2083
2083
2082
2083
2082
2082
2082
2082
2082
2082
2082
2082
2082
2082
2082
2082
2082
2083
2083
2082
2083
2083
2082
2082
2082
2083
2082
2082
2082
2082
2082
2082
2082
2082
2083
2082
2081
2081
2082
2082
2081
2082
2081
2081
2081
2082
2081
2082
2082
2081
2081
2081
2082
2081
2081
2081
2082
2081
2081
2081
2081
2082
2081
2081
2081
2081
2081
2081
2081
2080
2081
2081
2081
2081
2080
2080
2081
2081
2080
2080
2080
2081
2081
2081
2081
2081
2081
2080
2080
2080
2080
2080
2080
2080
2081
2080
2080
2080
2079
2080
2080
2081
2080
2081
2080
2080
2081
2080
2080
2080
2080
2080
2080
2080
2080
2080
2080
2080
2081
2080
2080
2080
2080
2079
2080
2080
2079
2080
2079
2079
2080
2080
2080
2080
2080
2080
2079
2080
2079
2079
2080
2079
2079
2079
2079
2079
2079
2079
2079
2079
2079
2079
2079
2079
2079
2079
2079
2079
2079
2080
2079
2078
2078
2078
2080
2079
2079
2079
2079
2079
2079
2079
2079
2079
2079
2078
2078
2078
2079
2079
2079
2078
2078
2079
2078
2079
2079
2079
2077
2078
2078
2079
2077
2078
2077
2078
2078
2078
2078
2078
2078
2077
2077
2078
2078
2079
2078
2077
2077
2078
2078
2078
2077
2078
2078
2078
2078
2078
2078
2078
2077
2077
2077
2078
2077
2077
2078
2077
2077
2077
2077
2078
2078
2077
2078
2077
2078
2077
2077
2077
2077
2077
2076
2077
2077
2078
2077
2077
2077
2077
2077
2077
2077
2077
2076
2077
2076
2076
2077
2077
2077
2077
2077
2076
2077
2077
2077
2076
2077
2076
2076
2077
2077
2077
2077
2077
2077
2077
2076
2076
2076
2077
2077
2077
2077
2077
2077
2077
2077
2076
2076
2077
2077
2077
2076
2076
2076
2076
2076
2076
2076
2076
2077
2076
2077
2076
2075
2076
2077
2076
2076
2076
2076
2076
2077
2075
2076
2076
2075
2076
2075
2076
2076
2076
2076
2076
2076
2075
2075
2075
2075
2075
2075
2076
2075
2075
2075
2076
2075
2075
2075
2076
2076
2075
2075
2075
2076
2076
2076
2076
2076
2075
2074
2074
2075
2075
2075
2075
2076
2075
2075
2075
2075
2075
2076
2074
2074
2074
2075
2075
2075
2075
2075
2075
2075
2075
2075
2074
2075
2075
2074
2074
2074
2074
2074
2075
2075
2074
2075
2074
2074
2074
2074
2074
2074
2074
2075
2075
2075
2074
2074
2074
2074
2075
2074
2074
2074
2074
2075
2074
2073
2074
2074
2074
2074
2074
2075
2075
2075
2074
2074
2074
2075
2073
2074
2074
2074
2074
2074
2073
2074
2074
2074
2074
2074
2073
2073
2074
2074
2074
2073
2074
2074
2074
2074
2074
2074
2073
2074
2074
2074
2074
2073
2073
2073
2074
2073
2073
2073
2074
2074
2074
2073
2073
2073
2073
2072
2074
2073
2073
2073
2074
2074
2073
2073
2073
2073
2074
2074
2073
2073
2073
2073
2073
2073
2073
2073
2073
2073
2074
2073
2073
2073
2073
2073
2073
2072
2072
2073
2073
2073
2072
2074
2072
2073
2073
2072
2073
2073
2072
2072
2072
2072
2072
2072
2072
2072
2073
2073
2072
2073
2073
2073
2072
2073
2073
2073
2072
2073
2073
2073
2073
2072
2072
2073
2072
2073
2073
2073
2072
2072
2072
2072
2072
2072
2073
2072
2072
2073
2072
2072
2072
2072
2071
2072
2071
2072
2072
2073
2072
2072
2072
2072
2071
2073
2072
2071
2071
2072
2072
2071
2072
2072
2071
2072
2072
2072
2072
2071
2071
2072
2072
2072
2071
2070
2072
2072
2071
2071
2071
2071
2071
2071
2072
2071
2071
2072
2071
2071
2071
2072
2071
2071
2072
2072
2071
2072
2071
2072
2072
2071
2071
2071
2071
2071
2070
2071
2071
2071
2071
2071
2070
2071
2071
2071
2071
2070
2071
2071
2070
2071
2071
2071
2071
2070
2070
2071
2071
2070
2072
2070
2070
2070
2071
2071
2071
2070
2070
2071
2070
2071
2070
2071
2070
2071
2071
2070
2070
2070
2070
2070
2070
2071
2070
2070
2070
2070
2071
2071
2071
2071
2070
2071
2070
2070
2070
2070
2070
2071
2071
2070
2071
2070
2070
2070
2070
2071
2070
2069
2070
2070
2070
2070
2070
2069
2069
2069
2071
2071
2069
2070
2069
2070
2070
2069
2069
2070
2070
2070
2070
2070
2070
2070
2069
2069
2069
2069
2069
2068
2069
2070
2070
2069
2069
2070
2069
2070
2069
2070
2069
2070
2069
2069
2069
2069
2069
2069
2069
2069
2069
2069
2069
2068
2069
2069
2068
2069
2069
2069
2069
2069
2069
2069
2070
2069
2069
2070
2069
2069
2069
2069
2069
2069
2069
2069
2069
2069
2069
2069
2069
2069
2069
2069
2068
2069
2068
2069
2069
2068
2069
2068
2069
2069
2070
2069
2069
2069
2069
2068
2068
2069
2069
2069
2068
2069
2069
2068
2068
2069
2069
2069
2068
2068
2069
2068
2069
2069
2069
2068
2068
2070
2069
2068
2068
2069
2068
2068
2068
2068
2068
2068
2068
2069
2068
2069
2068
2069
2067
2068
2068
2068
2069
2067
2068
2068
2067
2068
2068
2068
2068
2067
2068
2068
2068
2069
2068
2068
2067
2068
2069
2068
2068
2067
2069
2069
2068
2068
2068
2068
2068
2068
2068
2068
2068
2067
2067
2068
2068
2067
2067
2068
2067
2067
2067
2068
2067
2067
2068
2068
2068
2068
2068
2067
2068
2067
2068
2067
2068
2067
2067
2068
2067
2068
2068
2067
2067
2068
2067
2067
2068
2067
2067
2067
2068
2067
2067
2067
2068
2067
2068
2067
2067
2068
2068
2067
2066
2067
2067
2067
2067
2067
2067
2067
2067
2067
2067
2066
2067
2067
2068
2067
2068
2067
2067
2066
2067
2067
2067
2066
2067
2067
2066
2067
2066
2067
2066
2067
2067
2067
2067
2067
2067
2067
2066
2066
2066
2067
2067
2067
2067
2066
2067
2067
2067
2067
2067
2067
2067
2067
2067
2067
2067
2066
2066
2066
2067
2066
2067
2066
2067
2066
2066
2066
2067
2066
2066
2066
2066
2066
2066
2066
2067
2067
2066
2067
2066
2066
2066
2066
2066
2067
2066
2066
2067
2067
2066
2066
2066
2065
2066
2066
2066
2065
2066
2066
2066
2066
2065
2066
2065
2065
2065
2066
2066
2066
2066
2066
2066
2066
2066
2066
2066
2066
2066
2066
2066
2066
2065
2065
2066
2066
2066
2065
2066
2066
2066
2066
2065
2066
2066
2065
2066
2066
2066
2065
2066
2066
2065
2065
2065
2066
2066
2065
2065
2066
2065
2065
2066
2065
2066
2066
2066
2066
2065
2066
2066
2066
2065
2066
2065
2065
2065
2065
2066
2065
2066
2065
2065
2065
2066
2066
2066
2065
2065
2066
2066
2065
2065
2065
2066
2065
2066
2065
2065
2066
2065
2065
2065
2066
2065
2065
2066
2065
2066
2065
2066
2065
2065
2066
2065
2065
2065
2065
2064
2065
2066
2065
2065
2065
2065
2066
2065
2064
2065
2065
2066
2065
2065
2065
2065
2064
2064
2065
2065
2065
2065
2065
2065
2065
2065
2065
2065
2064
2064
2065
2064
2065
2065
2065
2065
2065
2065
2065
2066
2065
2065
2065
2066
2065
2065
2064
2064
2064
2065
2064
2065
2065
2065
2064
2064
2065
2064
2065
2065
2065
2065
2064
2065
2064
2065
2064
2064
2064
2064
2064
2065
2064
2065
2065
2065
2064
2065
2065
2065
2065
2065
2064
2064
2064
2065
2064
2064
2064
2064
2064
2064
2064
2064
2064
2064
2064
2065
2064
2064
2065
2064
2064
2064
2064
2065
2064
2065
2064
2064
2064
2064
2064
2064
2064
2064
2065
2064
2064
2064
2064
2063
2064
2064
2064
2064
2064
2064
2065
2064
2064
2064
2064
2064
2064
2064
2064
2063
2064
2064
2063
2064
2064
2064
2063
2064
2064
2063
2064
2064
2063
2063
2064
2064
2064
2064
2064
2064
2064
2064
2064
2064
2064
2064
2064
2063
2064
2063
2063
2064
2063
2063
2064
2064
2064
2063
2063
2063
2063
2064
2063
2064
2064
2064
2063
2063
2064
2064
2063
2063
2063
2062
2064
2063
2063
2064
2063
2063
2064
2064
2064
2063
2063
2063
2064
2063
2063
2063
2063
2063
2063
2063
2063
2064
2063
2063
2063
2064
2063
2063
2062
2064
2063
2062
2063
2063
2063
2062
2064
2063
2063
2063
2063
2063
2063
2062
2063
2063
2063
2064
2063
2062
2063
2063
2063
2064
2063
2063
2063
2064
2063
2063
2062
2063
2062
2063
2063
2062
2063
2063
2064
2063
2063
2063
2063
2064
2063
2063
2063
2063
2063
2062
2063
2062
2063
2063
2063
2063
2063
2062
2062
2063
2063
2063
2063
2063
2063
2063
2063
2063
2062
2063
2063
2063
2063
2062
2063
2063
2063
2063
2062
2062
2063
2062
2063
2063
2063
2063
2063
2062
2063
2063
2063
2063
2063
2064
2062
2063
2063
2062
2063
2063
2062
2062
2063
2062
2063
2062
2061
2062
2061
2062
2063
2062
2061
2062
2063
2062
2062
2062
2061
2062
2061
2062
2061
2062
2062
2061
2062
2062
2063
2062
2062
2062
2061
2062
2062
2063
2062
2062
2062
2062
2062
2062
2062
2062
2062
2063
2062
2062
2063
2062
2062
2062
2062
2062
2062
2062
2062
2063
2062
2062
2062
2062
2063
2062
2061
2062
2062
2062
2062
2061
2062
2062
2062
2062
2062
2062
2063
2062
2061
2061
2062
2062
2062
2062
2062
2062
2061
2062
2062
2062
2062
2062
2062
2062
2061
2062
2061
2062
2062
2062
2062
2062
2061
2062
2062
2061
2062
2060
2062
2062
2062
2062
2062
2062
2062
2062
2062
2062
2062
2062
2062
2062
2062
2061
2062
2061
2062
2062
2062
2061
2061
2062
2062
2062
2062
2062
2062
2062
2062
2061
2061
2061
2062
2060
2061
2062
2062
2062
2062
2062
2061
2061
2061
2061
2061
2062
2061
2061
2061
2061
2062
2061
2061
2061
2061
2061
2061
2061
2061
2061
2061
2061
2061
2061
2060
2061
2061
2062
2061
2061
2061
2062
2061
2061
2061
2061
2061
2061
2060
2061
2061
2061
2061
2062
2061
2061
2061
2061
2061
2060
2061
2061
2061
2061
2061
2061
2061
2062
2061
2061
2061
2061
2061
2061
2061
2061
2061
2060
2061
2062
2061
2061
2062
2060
2062
2061
2061
2060
2061
2060
2061
2060
2061
2061
2060
2061
2061
2061
2060
2060
2060
2061
2060
2061
2060
2061
2061
2061
2061
2061
2061
2060
2060
2061
2060
2060
2061
2060
2060
2060
2060
2060
2060
2060
2060
2061
2061
2060
2060
2060
2060
2061
2061
2061
2060
2060
2060
2061
2060
2061
2061
2061
2060
2060
2060
2060
2060
2059
2060
2060
2060
2061
2060
2060
2061
2061
2060
2061
2060
2060
2060
2060
2060
2060
2060
2060
2060
2060
2060
2061
2060
2060
2060
2060
2060
2060
2060
2060
2060
2060
2060
2060
2060
2060
2060
2061
2060
2060
2060
2060
2061
2060
2061
2060
2060
2060
2061
2060
2060
2060
2060
2059
2060
2060
2060
2060
2060
2060
2060
2060
2060
2060
2060
2059
2061
2060
2060
2060
2060
2060
2060
2060
2060
2061
2060
2059
2061
2060
2060
2060
2060
2060
2060
2060
2060
2060
2060
2060
2060
2059
2060
2059
2060
2060
2060
2061
2060
2060
2060
2060
2060
2060
2059
2060
2059
2060
2060
2060
2060
2060
2060
2059
2059
2060
2060
2059
2059
2060
2059
2059
2060
2060
2060
2060
2059
2060
2059
2059
2060
2059
2059
2060
2060
2060
2060
2060
2060
2059
2059
2061
2059
2060
2059
2059
2060
2060
2059
2059
2059
2060
2060
2060
2059
2060
2059
2060
2060
2059
2059
2059
2059
2060
2059
2059
2059
2059
2059
2059
2059
2060
2058
2059
2059
2058
2059
2058
2059
2059
2059
2059
2059
2059
2059
2060
2059
2059
2059
2059
2059
2059
2059
2059
2059
2059
2059
2059
2060
2059
2060
2059
2059
2059
2059
2060
2059
2059
2059
2060
2059
2060
2059
2059
2059
2059
2060
2059
2059
2059
2058
2059
2060
2059
2059
2059
2059
2059
2059
2059
2059
2058
2059
2059
2059
2059
2059
2059
2058
2058
2059
2059
2059
2059
2059
2060
2060
2058
2059
2059
2059
2059
2059
2059
2059
2059
2059
2059
2059
2059
2059
2058
2058
2059
2058
2059
2059
2059
2059
2059
2059
2059
2059